
Roll   Pitch  Yaw
+0.000 +0.000 +0.000
+0.000 +0.000 +0.000
+4.323 +1.429 +0.046
+4.323 +1.429 +0.046
+4.323 +1.429 +0.046
+4.323 +1.429 +0.046
+4.323 +1.429 +0.046
+4.783 +1.484 +0.237
+4.783 +1.484 +0.237
+4.783 +1.484 +0.237
+4.783 +1.484 +0.237
+4.783 +1.484 +0.237
+4.868 +1.188 -1.916
+4.868 +1.188 -1.916
+4.868 +1.188 -1.916
+4.868 +1.188 -1.916
+4.868 +1.188 -1.916
+4.758 +1.226 -0.435
+4.758 +1.226 -0.435
+4.758 +1.226 -0.435
+4.758 +1.226 -0.435
+4.758 +1.226 -0.435
+4.392 +0.949 +0.229
+4.392 +0.949 +0.229
+4.392 +0.949 +0.229
+4.392 +0.949 +0.229
+4.392 +0.949 +0.229
+4.052 +2.332 -4.496
+4.052 +2.332 -4.496
+4.052 +2.332 -4.496
+4.052 +2.332 -4.496
+4.052 +2.332 -4.496
+4.052 -2.496 -4.771
+4.052 -2.496 -4.771
+4.052 -2.496 -4.771
+4.052 -2.496 -4.771
+4.052 -2.496 -4.771
+4.546 -9.697 -8.511
+4.546 -9.697 -8.511
+4.546 -9.697 -8.511
+4.546 -9.697 -8.511
+4.546 -9.697 -8.511
+4.221 -16.069 -7.779
+4.221 -16.069 -7.779
+4.221 -16.069 -7.779
+4.221 -16.069 -7.779
+4.221 -16.069 -7.779
+4.347 -24.097 -2.031
+4.347 -24.097 -2.031
+4.347 -24.097 -2.031
+4.347 -24.097 -2.031
+4.347 -24.097 -2.031
+5.519 -30.627 -0.947
+5.519 -30.627 -0.947
+5.519 -30.627 -0.947
+5.519 -30.627 -0.947
+5.519 -30.627 -0.947
+5.173 -34.809 +1.603
+5.173 -34.809 +1.603
+5.173 -34.809 +1.603
+5.173 -34.809 +1.603
+5.173 -34.809 +1.603
+6.082 -43.470 -4.618
+6.082 -43.470 -4.618
+6.082 -43.470 -4.618
+6.082 -43.470 -4.618
+6.082 -43.470 -4.618
+5.031 -50.630 -12.901
+5.031 -50.630 -12.901
+5.031 -50.630 -12.901
+5.031 -50.630 -12.901
+5.031 -50.630 -12.901
+4.825 -60.291 -6.206
+4.825 -60.291 -6.206
+4.825 -60.291 -6.206
+4.825 -60.291 -6.206
+4.825 -60.291 -6.206
+5.837 -69.636 -5.939
+5.837 -69.636 -5.939
+5.837 -69.636 -5.939
+5.837 -69.636 -5.939
+5.837 -69.636 -5.939
+0.366 -75.252 +0.198
+0.366 -75.252 +0.198
+0.366 -75.252 +0.198
+0.366 -75.252 +0.198
+0.366 -75.252 +0.198
+47.827 -86.125 -10.611
+47.827 -86.125 -10.611
+47.827 -86.125 -10.611
+47.827 -86.125 -10.611
+47.827 -86.125 -10.611
+0.931 -82.615 -28.863
+0.931 -82.615 -28.863
+0.931 -82.615 -28.863
+0.931 -82.615 -28.863
+0.931 -82.615 -28.863
+11.404 -75.534 -4.557
+11.404 -75.534 -4.557
+11.404 -75.534 -4.557
+11.404 -75.534 -4.557
+11.404 -75.534 -4.557
+2.135 -64.225 -7.748
+2.135 -64.225 -7.748
+2.135 -64.225 -7.748
+2.135 -64.225 -7.748
+2.135 -64.225 -7.748
+0.018 -57.277 -4.992
+0.018 -57.277 -4.992
+0.018 -57.277 -4.992
+0.018 -57.277 -4.992
+0.018 -57.277 -4.992
-1.410 -46.146 +12.023
-1.410 -46.146 +12.023
-1.410 -46.146 +12.023
-1.410 -46.146 +12.023
-1.410 -46.146 +12.023
+1.714 -40.303 +0.916
+1.714 -40.303 +0.916
+1.714 -40.303 +0.916
+1.714 -40.303 +0.916
+1.714 -40.303 +0.916
+2.055 -32.181 +12.908
+2.055 -32.181 +12.908
+2.055 -32.181 +12.908
+2.055 -32.181 +12.908
+2.055 -32.181 +12.908
-2.650 -24.372 +14.458
-2.650 -24.372 +14.458
-2.650 -24.372 +14.458
-2.650 -24.372 +14.458
-2.650 -24.372 +14.458
+0.290 -17.171 +7.099
+0.290 -17.171 +7.099
+0.290 -17.171 +7.099
+0.290 -17.171 +7.099
+0.290 -17.171 +7.099
-2.130 -12.980 +0.802
-2.130 -12.980 +0.802
-2.130 -12.980 +0.802
-2.130 -12.980 +0.802
-2.130 -12.980 +0.802
-3.173 -6.708 -0.450
-3.173 -6.708 -0.450
-3.173 -6.708 -0.450
-3.173 -6.708 -0.450
-3.173 -6.708 -0.450
-3.314 -2.032 +2.160
-3.314 -2.032 +2.160
-3.314 -2.032 +2.160
-3.314 -2.032 +2.160
-3.314 -2.032 +2.160
-3.133 -0.422 +2.733
-3.133 -0.422 +2.733
-3.133 -0.422 +2.733
-3.133 -0.422 +2.733
-3.133 -0.422 +2.733
-2.721 +0.408 -5.153
-2.721 +0.408 -5.153
-2.721 +0.408 -5.153
-2.721 +0.408 -5.153
-2.721 +0.408 -5.153
-4.631 -6.719 +0.305
-4.631 -6.719 +0.305
-4.631 -6.719 +0.305
-4.631 -6.719 +0.305
-4.631 -6.719 +0.305
-2.477 -13.597 +16.336
-2.477 -13.597 +16.336
-2.477 -13.597 +16.336
-2.477 -13.597 +16.336
-2.477 -13.597 +16.336
-0.132 -31.100 +30.435
-0.132 -31.100 +30.435
-0.132 -31.100 +30.435
-0.132 -31.100 +30.435
-0.132 -31.100 +30.435
-1.695 -47.080 +23.313
-1.695 -47.080 +23.313
-1.695 -47.080 +23.313
-1.695 -47.080 +23.313
-1.695 -47.080 +23.313
+10.296 -52.876 -1.031
+10.296 -52.876 -1.031
+10.296 -52.876 -1.031
+10.296 -52.876 -1.031
+10.296 -52.876 -1.031
-0.186 -61.980 -6.527
-0.186 -61.980 -6.527
-0.186 -61.980 -6.527
-0.186 -61.980 -6.527
-0.186 -61.980 -6.527
+7.656 -81.872 -13.855
+7.656 -81.872 -13.855
+7.656 -81.872 -13.855
+7.656 -81.872 -13.855
+7.656 -81.872 -13.855
+2.038 -85.166 +8.771
+2.038 -85.166 +8.771
+2.038 -85.166 +8.771
+2.038 -85.166 +8.771
+2.038 -85.166 +8.771
-1.888 -77.589 +7.443
-1.888 -77.589 +7.443
-1.888 -77.589 +7.443
-1.888 -77.589 +7.443
-1.888 -77.589 +7.443
+3.139 -70.334 +11.626
+3.139 -70.334 +11.626
+3.139 -70.334 +11.626
+3.139 -70.334 +11.626
+3.139 -70.334 +11.626
+3.506 -61.394 +12.092
+3.506 -61.394 +12.092
+3.506 -61.394 +12.092
+3.506 -61.394 +12.092
+3.506 -61.394 +12.092
+5.358 -53.646 +8.504
+5.358 -53.646 +8.504
+5.358 -53.646 +8.504
+5.358 -53.646 +8.504
+5.358 -53.646 +8.504
+5.745 -45.517 +9.260
+5.745 -45.517 +9.260
+5.745 -45.517 +9.260
+5.745 -45.517 +9.260
+5.745 -45.517 +9.260
+3.796 -36.119 +6.763
+3.796 -36.119 +6.763
+3.796 -36.119 +6.763
+3.796 -36.119 +6.763
+3.796 -36.119 +6.763
+4.364 -25.953 +4.290
+4.364 -25.953 +4.290
+4.364 -25.953 +4.290
+4.364 -25.953 +4.290
+4.364 -25.953 +4.290
+3.558 -18.762 +5.573
+3.558 -18.762 +5.573
+3.558 -18.762 +5.573
+3.558 -18.762 +5.573
+3.558 -18.762 +5.573
+4.588 -11.039 +6.511
+4.588 -11.039 +6.511
+4.588 -11.039 +6.511
+4.588 -11.039 +6.511
+4.588 -11.039 +6.511
+5.205 -7.013 +6.962
+5.205 -7.013 +6.962
+5.205 -7.013 +6.962
+5.205 -7.013 +6.962
+5.205 -7.013 +6.962
+5.439 -4.624 +1.427
+5.439 -4.624 +1.427
+5.439 -4.624 +1.427
+5.439 -4.624 +1.427
+5.439 -4.624 +1.427
+2.562 -0.377 -4.794
+2.562 -0.377 -4.794
+2.562 -0.377 -4.794
+2.562 -0.377 -4.794
+2.562 -0.377 -4.794
+3.885 +1.508 -1.695
+3.885 +1.508 -1.695
+3.885 +1.508 -1.695
+3.885 +1.508 -1.695
+3.885 +1.508 -1.695
+3.942 +4.170 +6.565
+3.942 +4.170 +6.565
+3.942 +4.170 +6.565
+3.942 +4.170 +6.565
+3.942 +4.170 +6.565
+4.014 +12.777 +13.550
+4.014 +12.777 +13.550
+4.014 +12.777 +13.550
+4.014 +12.777 +13.550
+4.014 +12.777 +13.550
+7.687 +22.910 +9.061
+7.687 +22.910 +9.061
+7.687 +22.910 +9.061
+7.687 +22.910 +9.061
+7.687 +22.910 +9.061
+4.395 +32.633 +13.931
+4.395 +32.633 +13.931
+4.395 +32.633 +13.931
+4.395 +32.633 +13.931
+4.395 +32.633 +13.931
+4.785 +44.881 +14.672
+4.785 +44.881 +14.672
+4.785 +44.881 +14.672
+4.785 +44.881 +14.672
+4.785 +44.881 +14.672
+4.671 +55.955 +4.092
+4.671 +55.955 +4.092
+4.671 +55.955 +4.092
+4.671 +55.955 +4.092
+4.671 +55.955 +4.092
+0.230 +58.568 -0.603
+0.230 +58.568 -0.603
+0.230 +58.568 -0.603
+0.230 +58.568 -0.603
+0.230 +58.568 -0.603
+4.461 +67.704 +2.679
+4.461 +67.704 +2.679
+4.461 +67.704 +2.679
+4.461 +67.704 +2.679
+4.461 +67.704 +2.679
+6.997 +75.589 +10.878
+6.997 +75.589 +10.878
+6.997 +75.589 +10.878
+6.997 +75.589 +10.878
+6.997 +75.589 +10.878
+9.632 +89.653 +21.328
+9.632 +89.653 +21.328
+9.632 +89.653 +21.328
+9.632 +89.653 +21.328
+9.632 +89.653 +21.328
+37.919 +86.346 +10.450
+37.919 +86.346 +10.450
+37.919 +86.346 +10.450
+37.919 +86.346 +10.450
+37.919 +86.346 +10.450
-1.261 +82.048 +2.809
-1.261 +82.048 +2.809
-1.261 +82.048 +2.809
-1.261 +82.048 +2.809
-1.261 +82.048 +2.809
+10.413 +67.584 +2.985
+10.413 +67.584 +2.985
+10.413 +67.584 +2.985
+10.413 +67.584 +2.985
+10.413 +67.584 +2.985
-5.213 +59.023 +8.229
-5.213 +59.023 +8.229
-5.213 +59.023 +8.229
-5.213 +59.023 +8.229
-5.213 +59.023 +8.229
-1.660 +54.628 +9.618
-1.660 +54.628 +9.618
-1.660 +54.628 +9.618
-1.660 +54.628 +9.618
-1.660 +54.628 +9.618
-2.958 +40.605 +13.695
-2.958 +40.605 +13.695
-2.958 +40.605 +13.695
-2.958 +40.605 +13.695
-2.958 +40.605 +13.695
-4.148 +36.072 +10.382
-4.148 +36.072 +10.382
-4.148 +36.072 +10.382
-4.148 +36.072 +10.382
-4.148 +36.072 +10.382
-1.890 +26.358 +10.214
-1.890 +26.358 +10.214
-1.890 +26.358 +10.214
-1.890 +26.358 +10.214
-1.890 +26.358 +10.214
-3.399 +17.667 +6.511
-3.399 +17.667 +6.511
-3.399 +17.667 +6.511
-3.399 +17.667 +6.511
-3.399 +17.667 +6.511
-4.772 +11.855 +13.214
-4.772 +11.855 +13.214
-4.772 +11.855 +13.214
-4.772 +11.855 +13.214
-4.772 +11.855 +13.214
-6.059 +7.477 +10.244
-6.059 +7.477 +10.244
-6.059 +7.477 +10.244
-6.059 +7.477 +10.244
-6.059 +7.477 +10.244
-4.604 +2.774 -4.916
-4.604 +2.774 -4.916
-4.604 +2.774 -4.916
-4.604 +2.774 -4.916
-4.604 +2.774 -4.916
-4.795 +14.224 -8.168
-4.795 +14.224 -8.168
-4.795 +14.224 -8.168
-4.795 +14.224 -8.168
-4.795 +14.224 -8.168
-3.382 +18.153 -5.756
-3.382 +18.153 -5.756
-3.382 +18.153 -5.756
-3.382 +18.153 -5.756
-3.382 +18.153 -5.756
-3.561 +21.925 -7.237
-3.561 +21.925 -7.237
-3.561 +21.925 -7.237
-3.561 +21.925 -7.237
-3.561 +21.925 -7.237
-3.333 +33.383 -4.695
-3.333 +33.383 -4.695
-3.333 +33.383 -4.695
-3.333 +33.383 -4.695
-3.333 +33.383 -4.695
-3.363 +40.398 -10.260
-3.363 +40.398 -10.260
-3.363 +40.398 -10.260
-3.363 +40.398 -10.260
-3.363 +40.398 -10.260
-1.960 +48.399 +1.481
-1.960 +48.399 +1.481
-1.960 +48.399 +1.481
-1.960 +48.399 +1.481
-1.960 +48.399 +1.481
-3.851 +55.647 -4.206
-3.851 +55.647 -4.206
-3.851 +55.647 -4.206
-3.851 +55.647 -4.206
-3.851 +55.647 -4.206
-2.980 +62.944 -5.672
-2.980 +62.944 -5.672
-2.980 +62.944 -5.672
-2.980 +62.944 -5.672
-2.980 +62.944 -5.672
-8.927 +70.676 -15.519
-8.927 +70.676 -15.519
-8.927 +70.676 -15.519
-8.927 +70.676 -15.519
-8.927 +70.676 -15.519
-2.734 +83.737 -10.817
-2.734 +83.737 -10.817
-2.734 +83.737 -10.817
-2.734 +83.737 -10.817
-2.734 +83.737 -10.817
+4.151 +84.704 -20.229
+4.151 +84.704 -20.229
+4.151 +84.704 -20.229
+4.151 +84.704 -20.229
+4.151 +84.704 -20.229
+7.740 +68.563 -16.573
+7.740 +68.563 -16.573
+7.740 +68.563 -16.573
+7.740 +68.563 -16.573
+7.740 +68.563 -16.573
+4.600 +56.956 -22.664
+4.600 +56.956 -22.664
+4.600 +56.956 -22.664
+4.600 +56.956 -22.664
+4.600 +56.956 -22.664
+5.599 +43.909 -15.847
+5.599 +43.909 -15.847
+5.599 +43.909 -15.847
+5.599 +43.909 -15.847
+5.599 +43.909 -15.847
+4.259 +30.018 -21.344
+4.259 +30.018 -21.344
+4.259 +30.018 -21.344
+4.259 +30.018 -21.344
+4.259 +30.018 -21.344
+8.371 +24.416 -0.313
+8.371 +24.416 -0.313
+8.371 +24.416 -0.313
+8.371 +24.416 -0.313
+8.371 +24.416 -0.313
+6.718 +15.096 -1.557
+6.718 +15.096 -1.557
+6.718 +15.096 -1.557
+6.718 +15.096 -1.557
+6.718 +15.096 -1.557
+5.886 +14.708 +0.840
+5.886 +14.708 +0.840
+5.886 +14.708 +0.840
+5.886 +14.708 +0.840
+5.886 +14.708 +0.840
+5.122 +6.866 -6.702
+5.122 +6.866 -6.702
+5.122 +6.866 -6.702
+5.122 +6.866 -6.702
+5.122 +6.866 -6.702
+5.581 +7.193 -1.855
+5.581 +7.193 -1.855
+5.581 +7.193 -1.855
+5.581 +7.193 -1.855
+5.581 +7.193 -1.855
+2.939 +1.593 +5.863
+2.939 +1.593 +5.863
+2.939 +1.593 +5.863
+2.939 +1.593 +5.863
+2.939 +1.593 +5.863
+1.141 -0.363 -1.420
+1.141 -0.363 -1.420
+1.141 -0.363 -1.420
+1.141 -0.363 -1.420
+1.141 -0.363 -1.420
-9.742 -0.500 +2.748
-9.742 -0.500 +2.748
-9.742 -0.500 +2.748
-9.742 -0.500 +2.748
-9.742 -0.500 +2.748
-12.707 -1.572 +0.527
-12.707 -1.572 +0.527
-12.707 -1.572 +0.527
-12.707 -1.572 +0.527
-12.707 -1.572 +0.527
-31.757 -1.285 -12.435
-31.757 -1.285 -12.435
-31.757 -1.285 -12.435
-31.757 -1.285 -12.435
-31.757 -1.285 -12.435
-40.770 +2.411 -13.023
-40.770 +2.411 -13.023
-40.770 +2.411 -13.023
-40.770 +2.411 -13.023
-40.770 +2.411 -13.023
-50.450 +3.223 -0.901
-50.450 +3.223 -0.901
-50.450 +3.223 -0.901
-50.450 +3.223 -0.901
-50.450 +3.223 -0.901
-85.888 +2.310 -4.046
-85.888 +2.310 -4.046
-85.888 +2.310 -4.046
-85.888 +2.310 -4.046
-85.888 +2.310 -4.046
-84.337 +0.209 -0.168
-84.337 +0.209 -0.168
-84.337 +0.209 -0.168
-84.337 +0.209 -0.168
-84.337 +0.209 -0.168
-89.032 +1.741 -2.443
-89.032 +1.741 -2.443
-89.032 +1.741 -2.443
-89.032 +1.741 -2.443
-89.032 +1.741 -2.443
-75.156 +1.291 -5.489
-75.156 +1.291 -5.489
-75.156 +1.291 -5.489
-75.156 +1.291 -5.489
-75.156 +1.291 -5.489
-59.592 +3.272 -8.336
-59.592 +3.272 -8.336
-59.592 +3.272 -8.336
-59.592 +3.272 -8.336
-59.592 +3.272 -8.336
-51.008 +2.817 -0.901
-51.008 +2.817 -0.901
-51.008 +2.817 -0.901
-51.008 +2.817 -0.901
-51.008 +2.817 -0.901
-43.853 +1.471 -1.702
-43.853 +1.471 -1.702
-43.853 +1.471 -1.702
-43.853 +1.471 -1.702
-43.853 +1.471 -1.702
-39.805 +1.838 +1.382
-39.805 +1.838 +1.382
-39.805 +1.838 +1.382
-39.805 +1.838 +1.382
-39.805 +1.838 +1.382
-27.843 +1.097 -1.687
-27.843 +1.097 -1.687
-27.843 +1.097 -1.687
-27.843 +1.097 -1.687
-27.843 +1.097 -1.687
-14.186 +3.887 -10.450
-14.186 +3.887 -10.450
-14.186 +3.887 -10.450
-14.186 +3.887 -10.450
-14.186 +3.887 -10.450
-5.287 +3.245 +10.328
-5.287 +3.245 +10.328
-5.287 +3.245 +10.328
-5.287 +3.245 +10.328
-5.287 +3.245 +10.328
-7.145 +4.082 +4.145
-7.145 +4.082 +4.145
-7.145 +4.082 +4.145
-7.145 +4.082 +4.145
-7.145 +4.082 +4.145
-6.155 +2.698 -2.336
-6.155 +2.698 -2.336
-6.155 +2.698 -2.336
-6.155 +2.698 -2.336
-6.155 +2.698 -2.336
-5.208 +3.213 -1.092
-5.208 +3.213 -1.092
-5.208 +3.213 -1.092
-5.208 +3.213 -1.092
-5.208 +3.213 -1.092
-8.701 +2.393 -1.366
-8.701 +2.393 -1.366
-8.701 +2.393 -1.366
-8.701 +2.393 -1.366
-8.701 +2.393 -1.366
-14.031 +3.333 +0.328
-14.031 +3.333 +0.328
-14.031 +3.333 +0.328
-14.031 +3.333 +0.328
-14.031 +3.333 +0.328
-24.881 +2.923 -2.290
-24.881 +2.923 -2.290
-24.881 +2.923 -2.290
-24.881 +2.923 -2.290
-24.881 +2.923 -2.290
-40.184 +1.121 -1.969
-40.184 +1.121 -1.969
-40.184 +1.121 -1.969
-40.184 +1.121 -1.969
-40.184 +1.121 -1.969
-55.310 +3.019 -0.244
-55.310 +3.019 -0.244
-55.310 +3.019 -0.244
-55.310 +3.019 -0.244
-55.310 +3.019 -0.244
-66.863 +3.256 +9.679
-66.863 +3.256 +9.679
-66.863 +3.256 +9.679
-66.863 +3.256 +9.679
-66.863 +3.256 +9.679
-89.071 +0.713 +3.496
-89.071 +0.713 +3.496
-89.071 +0.713 +3.496
-89.071 +0.713 +3.496
-89.071 +0.713 +3.496
-79.879 +0.703 +1.908
-79.879 +0.703 +1.908
-79.879 +0.703 +1.908
-79.879 +0.703 +1.908
-79.879 +0.703 +1.908
-66.398 -1.889 +1.550
-66.398 -1.889 +1.550
-66.398 -1.889 +1.550
-66.398 -1.889 +1.550
-66.398 -1.889 +1.550
-59.548 +0.250 +2.450
-59.548 +0.250 +2.450
-59.548 +0.250 +2.450
-59.548 +0.250 +2.450
-59.548 +0.250 +2.450
-51.504 -0.573 +8.962
-51.504 -0.573 +8.962
-51.504 -0.573 +8.962
-51.504 -0.573 +8.962
-51.504 -0.573 +8.962
-35.576 -0.212 +5.191
-35.576 -0.212 +5.191
-35.576 -0.212 +5.191
-35.576 -0.212 +5.191
-35.576 -0.212 +5.191
-25.918 +1.619 +7.336
-25.918 +1.619 +7.336
-25.918 +1.619 +7.336
-25.918 +1.619 +7.336
-25.918 +1.619 +7.336
-19.880 +0.196 -0.412
-19.880 +0.196 -0.412
-19.880 +0.196 -0.412
-19.880 +0.196 -0.412
-19.880 +0.196 -0.412
-15.428 +0.014 -1.328
-15.428 +0.014 -1.328
-15.428 +0.014 -1.328
-15.428 +0.014 -1.328
-15.428 +0.014 -1.328
-9.737 +1.230 +5.992
-9.737 +1.230 +5.992
-9.737 +1.230 +5.992
-9.737 +1.230 +5.992
-9.737 +1.230 +5.992
-4.123 +0.418 +3.435
-4.123 +0.418 +3.435
-4.123 +0.418 +3.435
-4.123 +0.418 +3.435
-4.123 +0.418 +3.435
-0.499 -0.664 +7.366
-0.499 -0.664 +7.366
-0.499 -0.664 +7.366
-0.499 -0.664 +7.366
-0.499 -0.664 +7.366
+2.801 -0.286 -9.069
+2.801 -0.286 -9.069
+2.801 -0.286 -9.069
+2.801 -0.286 -9.069
+2.801 -0.286 -9.069
+6.215 +0.000 -10.099
+6.215 +0.000 -10.099
+6.215 +0.000 -10.099
+6.215 +0.000 -10.099
+6.215 +0.000 -10.099
+15.070 +2.683 +13.435
+15.070 +2.683 +13.435
+15.070 +2.683 +13.435
+15.070 +2.683 +13.435
+15.070 +2.683 +13.435
+16.919 +2.421 +19.145
+16.919 +2.421 +19.145
+16.919 +2.421 +19.145
+16.919 +2.421 +19.145
+16.919 +2.421 +19.145
+17.740 +0.235 -7.824
+17.740 +0.235 -7.824
+17.740 +0.235 -7.824
+17.740 +0.235 -7.824
+17.740 +0.235 -7.824
+45.100 +0.083 -8.214
+45.100 +0.083 -8.214
+45.100 +0.083 -8.214
+45.100 +0.083 -8.214
+45.100 +0.083 -8.214
+56.168 +1.614 -1.298
+56.168 +1.614 -1.298
+56.168 +1.614 -1.298
+56.168 +1.614 -1.298
+56.168 +1.614 -1.298
+71.804 +5.864 +11.130
+71.804 +5.864 +11.130
+71.804 +5.864 +11.130
+71.804 +5.864 +11.130
+71.804 +5.864 +11.130
+70.151 +3.473 +11.084
+70.151 +3.473 +11.084
+70.151 +3.473 +11.084
+70.151 +3.473 +11.084
+70.151 +3.473 +11.084
+70.277 +2.563 +2.374
+70.277 +2.563 +2.374
+70.277 +2.563 +2.374
+70.277 +2.563 +2.374
+70.277 +2.563 +2.374
+54.486 +1.802 -1.275
+54.486 +1.802 -1.275
+54.486 +1.802 -1.275
+54.486 +1.802 -1.275
+54.486 +1.802 -1.275
+49.077 +2.683 -0.153
+49.077 +2.683 -0.153
+49.077 +2.683 -0.153
+49.077 +2.683 -0.153
+49.077 +2.683 -0.153
+46.212 +3.064 -3.244
+46.212 +3.064 -3.244
+46.212 +3.064 -3.244
+46.212 +3.064 -3.244
+46.212 +3.064 -3.244
+38.050 +2.987 -4.847
+38.050 +2.987 -4.847
+38.050 +2.987 -4.847
+38.050 +2.987 -4.847
+38.050 +2.987 -4.847
+30.562 +2.117 -0.229
+30.562 +2.117 -0.229
+30.562 +2.117 -0.229
+30.562 +2.117 -0.229
+30.562 +2.117 -0.229
+23.281 +1.530 +7.809
+23.281 +1.530 +7.809
+23.281 +1.530 +7.809
+23.281 +1.530 +7.809
+23.281 +1.530 +7.809
+18.803 +3.418 -2.672
+18.803 +3.418 -2.672
+18.803 +3.418 -2.672
+18.803 +3.418 -2.672
+18.803 +3.418 -2.672
+11.884 +2.785 +15.107
+11.884 +2.785 +15.107
+11.884 +2.785 +15.107
+11.884 +2.785 +15.107
+11.884 +2.785 +15.107
+4.490 +2.993 +57.924
+4.490 +2.993 +57.924
+4.490 +2.993 +57.924
+4.490 +2.993 +57.924
+4.490 +2.993 +57.924
-2.282 +3.393 -1.412
-2.282 +3.393 -1.412
-2.282 +3.393 -1.412
-2.282 +3.393 -1.412
-2.282 +3.393 -1.412
-2.414 +4.238 -8.687
-2.414 +4.238 -8.687
-2.414 +4.238 -8.687
-2.414 +4.238 -8.687
-2.414 +4.238 -8.687
+1.571 +2.314 -1.885
+1.571 +2.314 -1.885
+1.571 +2.314 -1.885
+1.571 +2.314 -1.885
+1.571 +2.314 -1.885
+8.665 -0.777 -11.725
+8.665 -0.777 -11.725
+8.665 -0.777 -11.725
+8.665 -0.777 -11.725
+8.665 -0.777 -11.725
+17.105 +2.259 -10.733
+17.105 +2.259 -10.733
+17.105 +2.259 -10.733
+17.105 +2.259 -10.733
+17.105 +2.259 -10.733
+30.393 +1.697 +6.053
+30.393 +1.697 +6.053
+30.393 +1.697 +6.053
+30.393 +1.697 +6.053
+30.393 +1.697 +6.053
+30.128 +8.441 +0.061
+30.128 +8.441 +0.061
+30.128 +8.441 +0.061
+30.128 +8.441 +0.061
+30.128 +8.441 +0.061
+55.422 +1.795 -1.588
+55.422 +1.795 -1.588
+55.422 +1.795 -1.588
+55.422 +1.795 -1.588
+55.422 +1.795 -1.588
+79.140 +3.340 -8.206
+79.140 +3.340 -8.206
+79.140 +3.340 -8.206
+79.140 +3.340 -8.206
+79.140 +3.340 -8.206
+88.305 +3.687 -2.634
+88.305 +3.687 -2.634
+88.305 +3.687 -2.634
+88.305 +3.687 -2.634
+88.305 +3.687 -2.634
+81.630 +2.882 -4.160
+81.630 +2.882 -4.160
+81.630 +2.882 -4.160
+81.630 +2.882 -4.160
+81.630 +2.882 -4.160
+70.094 +2.201 -4.298
+70.094 +2.201 -4.298
+70.094 +2.201 -4.298
+70.094 +2.201 -4.298
+70.094 +2.201 -4.298
+53.862 +0.028 -7.458
+53.862 +0.028 -7.458
+53.862 +0.028 -7.458
+53.862 +0.028 -7.458
+53.862 +0.028 -7.458
+35.104 +2.534 +0.893
+35.104 +2.534 +0.893
+35.104 +2.534 +0.893
+35.104 +2.534 +0.893
+35.104 +2.534 +0.893
+21.011 +2.948 -8.924
+21.011 +2.948 -8.924
+21.011 +2.948 -8.924
+21.011 +2.948 -8.924
+21.011 +2.948 -8.924
+15.235 +0.529 -1.176
+15.235 +0.529 -1.176
+15.235 +0.529 -1.176
+15.235 +0.529 -1.176
+15.235 +0.529 -1.176
+14.351 -0.833 +0.244
+14.351 -0.833 +0.244
+14.351 -0.833 +0.244
+14.351 -0.833 +0.244
+14.351 -0.833 +0.244
+10.420 -0.084 -0.725
+10.420 -0.084 -0.725
+10.420 -0.084 -0.725
+10.420 -0.084 -0.725
+10.420 -0.084 -0.725
+9.362 -0.563 -7.168
+9.362 -0.563 -7.168
+9.362 -0.563 -7.168
+9.362 -0.563 -7.168
+9.362 -0.563 -7.168
+5.626 -0.807 +0.321
+5.626 -0.807 +0.321
+5.626 -0.807 +0.321
+5.626 -0.807 +0.321
+5.626 -0.807 +0.321
+5.062 +0.412 +2.458
+5.062 +0.412 +2.458
+5.062 +0.412 +2.458
+5.062 +0.412 +2.458
+5.062 +0.412 +2.458
+4.503 -0.042 -0.031
+4.503 -0.042 -0.031
+4.503 -0.042 -0.031
+4.503 -0.042 -0.031
+4.503 -0.042 -0.031
+4.501 +0.404 +0.076
+4.501 +0.404 +0.076
+4.501 +0.404 +0.076
+4.501 +0.404 +0.076
+4.501 +0.404 +0.076
+4.665 +0.352 +0.092
+4.665 +0.352 +0.092
+4.665 +0.352 +0.092
+4.665 +0.352 +0.092
+4.665 +0.352 +0.092
+4.634 -0.180 +0.031
+4.634 -0.180 +0.031
+4.634 -0.180 +0.031
+4.634 -0.180 +0.031
+4.634 -0.180 +0.031
+4.948 +0.798 +0.153
+4.948 +0.798 +0.153
+4.948 +0.798 +0.153
+4.948 +0.798 +0.153
+4.948 +0.798 +0.153
+4.493 +0.625 +0.031
+4.493 +0.625 +0.031
+4.493 +0.625 +0.031
+4.493 +0.625 +0.031
+4.493 +0.625 +0.031
+4.575 +0.430 +0.115
+4.575 +0.430 +0.115
+4.575 +0.430 +0.115
+4.575 +0.430 +0.115
+4.575 +0.430 +0.115
+4.583 +0.465 +0.183
+4.583 +0.465 +0.183
+4.583 +0.465 +0.183
+4.583 +0.465 +0.183
+4.583 +0.465 +0.183
+4.456 +0.333 +0.176
+4.456 +0.333 +0.176
+4.456 +0.333 +0.176
+4.456 +0.333 +0.176
+4.456 +0.333 +0.176
+4.553 +0.291 +0.206
+4.553 +0.291 +0.206
+4.553 +0.291 +0.206
+4.553 +0.291 +0.206
+4.553 +0.291 +0.206
+4.790 +0.315 +0.053
+4.790 +0.315 +0.053
+4.790 +0.315 +0.053
+4.790 +0.315 +0.053
+4.790 +0.315 +0.053
+4.597 +0.055 +0.023
+4.597 +0.055 +0.023
+4.597 +0.055 +0.023
+4.597 +0.055 +0.023
+4.597 +0.055 +0.023
+4.677 +0.236 +0.076
+4.677 +0.236 +0.076
+4.677 +0.236 +0.076
+4.677 +0.236 +0.076
+4.677 +0.236 +0.076
+4.579 +0.276 -1.916
+4.579 +0.276 -1.916
+4.579 +0.276 -1.916
+4.579 +0.276 -1.916
+4.579 +0.276 -1.916
+4.637 +0.179 +0.176
+4.637 +0.179 +0.176
+4.637 +0.179 +0.176
+4.637 +0.179 +0.176
